id,EAP,HPL,MWS
id02310,0.21755759472844866,0.5463849430526865,0.2360574622188652
id24541,0.7806186648108607,0.09891554652453376,0.12046578866460518
id00134,0.5756504835360708,0.27382652901638754,0.15052298744754047
id27757,0.3966551221419142,0.2990488016127008,0.304296076245386
id04081,0.5245414128123628,0.15859352014609593,0.316865067041541
id27337,0.49770228975141695,0.3299405846156953,0.17235712563288746
id24265,0.7913881538378996,0.12588082834038442,0.08273101782171637
id25917,0.3227831087363865,0.18759016979165682,0.48962672147195646
id04951,0.44215824596845527,0.36858536657528285,0.18925638745626028
id14549,0.4742429190782991,0.1928943165002353,0.3328627644214657
id22505,0.5418958995834033,0.2573911911818819,0.20071290923471463
id24002,0.5560160852073894,0.22720985061449572,0.2167740641781155
id18982,0.444459587011914,0.10672207467650766,0.448818338311578
id15181,0.2150493958353567,0.6218054989483608,0.16314510521628228
id21888,0.600676364485203,0.27928623393256846,0.12003740158222861
id12035,0.2149730214014114,0.1977658740645159,0.5872611045340727
id17991,0.5767536765233019,0.1637779628226263,0.25946836065407164
id10707,0.7262328712097791,0.15964823491302202,0.11411889387719773
id07101,0.8314539540464656,0.05655661801707166,0.11198942793646269
id00345,0.8378395953671095,0.0819230567627952,0.08023734787009545
id05912,0.43523066383756204,0.38735992256117957,0.1774094136012585
id13443,0.22148222513516774,0.44321872440429705,0.33529905046053543
id09248,0.4651258239455839,0.22645205242823732,0.3084221236261789
id17542,0.33921930557470253,0.4798854686344655,0.180895225790832
id06995,0.7185693599098018,0.14287261685693847,0.13855802323326014
id25159,0.4022570526694553,0.26192311836811294,0.3358198289624318
id25729,0.574610870887206,0.13467296831156797,0.290716160801226
id26949,0.38364267439665894,0.4041957824385042,0.21216154316483662
id27191,0.40604784552012596,0.1755238384391637,0.4184283160407098
id07668,0.582712757596021,0.06074205452103324,0.35654518788294554
id02230,0.25232731790445867,0.39642571434497914,0.35124696775056186
id15553,0.47604875167578503,0.3227353171087707,0.20121593121544476
id25688,0.3550385067046705,0.17487099788796473,0.47009049540736464
id17545,0.7067029047780727,0.22785208670358106,0.06544500851834623
id13929,0.445339047382732,0.1540511174211711,0.4006098351960965
id12880,0.3362262018295198,0.4785256250174125,0.1852481731530689
id19282,0.6540740491790098,0.0909297680519444,0.25499618276904545
id14690,0.32314828408597945,0.25583972264038424,0.42101199327363636
id17975,0.42100694539136335,0.3195459498076708,0.2594471048009648
id08037,0.5969740212212914,0.3239758598259592,0.07905011895275016
id15412,0.6551972781707903,0.02410689234598145,0.3206958294832282
id25032,0.5687943733285,0.34243396773612267,0.08877165893537704
id27165,0.5372852837980167,0.1903619319488947,0.27235278425308823
id03327,0.31025943779128073,0.339742071033158,0.34999849117556125
id18515,0.8344145627645718,0.08105008371130129,0.0845353535241263
id21003,0.4482804407362756,0.2396752719239847,0.31204428733973977
id23855,0.3671268788093075,0.33405554768988055,0.29881757350081195
id20724,0.43366780332784627,0.23518164906233366,0.3311505476098201
id13303,0.23142791451308087,0.45672756702232287,0.31184451846459627
id16521,0.45814230453757165,0.34732015488076545,0.1945375405816628
id20775,0.6641048550036002,0.12750756466904453,0.20838758032735566
id13029,0.32526234793423836,0.3848507507000989,0.28988690136566264
id14660,0.44162545316791785,0.20525336813504472,0.3531211786970377
id11028,0.45494282599965497,0.23726073866701744,0.3077964353333277
id14180,0.155551043866556,0.5992711406749915,0.24517781545845238
id25860,0.6152464274784591,0.056184745505054964,0.3285688270164851
id11910,0.3249109195939834,0.05905500598479548,0.6160340744212207
id08065,0.4928712988215526,0.10577768068939608,0.401351020489051
id22674,0.7706335216946448,0.10906519830774146,0.12030127999761389
id25018,0.6712604618367386,0.20226569870498215,0.1264738394582794
id10892,0.6166287130916914,0.3223954453439385,0.060975841564370505
id10217,0.5287504588975381,0.10184682913074625,0.36940271197171604
id12996,0.2744241138154757,0.2146566334858559,0.5109192526986687
id18262,0.6037367964789719,0.15242434504782243,0.24383885847320505
id08606,0.6135113347574869,0.13194999939986019,0.25453866584265344
id17233,0.45305698076769724,0.20112055121418587,0.34582246801811695
id00101,0.4726706464632864,0.41105650348606126,0.11627285005065217
id12225,0.4103517739410213,0.2393680775009277,0.35028014855805106
id01364,0.37369076179651894,0.41002951984242414,0.21627971836105742
id24973,0.4214151695239914,0.2815257293559651,0.29705910112004286
id25363,0.5353842879253482,0.16021163777418956,0.3044040743004623
id10061,0.4300920510719838,0.21842798699659202,0.3514799619314256
id17673,0.6531899527201155,0.1702418339788508,0.17656821330103273
id13249,0.7022435593827603,0.10060954470949121,0.1971468959077485
id10107,0.3125760818913865,0.04732451463773146,0.6400994034708816
id04403,0.8004102856187517,0.12643747281626794,0.07315224156498037
id25728,0.4193171089059048,0.25564056819258363,0.32504232290151214
id16184,0.43134783419716544,0.35833433254482366,0.2103178332580109
id03438,0.8756396898701349,0.07070777456309736,0.05365253556676787
id22923,0.2791957815044505,0.2119796620320546,0.5088245564634941
id08610,0.7650837173821128,0.1458994786406674,0.08901680397721998
id25355,0.32999047089406874,0.38593073466483424,0.28407879444109685
id16916,0.5816493499397881,0.07918272805047939,0.3391679220097323
id12793,0.4966185427016395,0.13173293328105312,0.3716485240173067
id11859,0.18431575028919817,0.1579907526717832,0.657693497039019
id02434,0.5311216161936614,0.2637662566285094,0.20511212717782942
id27703,0.33274843146207655,0.15437073078307956,0.5128808377548434
id25212,0.6320001695651545,0.08613577197854899,0.28186405845629564
id11308,0.18008049173465,0.37020213201841695,0.4497173762469333
id26094,0.45118402841787264,0.2773478351982196,0.2714681363839079
id22080,0.7292869949840702,0.14963023199163228,0.12108277302429782
id03545,0.6578811665395644,0.17253769345066963,0.1695811400097662
id23725,0.3746779359613591,0.15941082113246724,0.4659112429061742
id12009,0.8375230755821275,0.06988749883521375,0.09258942558265912
id24241,0.3400963033658029,0.3696802318653625,0.29022346476883454
id03596,0.362310940638835,0.3839226444250038,0.25376641493616175
id10749,0.5197713476795556,0.27461117917686007,0.20561747314358386
id22794,0.32621384261434894,0.46358905131489303,0.21019710607075726
id15482,0.5852710705951119,0.05277204276457974,0.36195688664030995
id04833,0.2138019179972921,0.6979439492771149,0.08825413272559332
id00397,0.7121848334788419,0.17321927639813842,0.11459589012301992
id14691,0.5218887229219022,0.3282493362899151,0.1498619407881836
id05193,0.21106127673494587,0.40736309356366246,0.38157562970139103
id19541,0.44504224467909637,0.27199603719439164,0.28296171812651194
id22166,0.24675378698198255,0.14607785105604867,0.6071683619619678
id20744,0.4679507286434201,0.12943856360574935,0.4026107077508308
id10392,0.3981698186557057,0.44207218921700664,0.15975799212728697
id00770,0.7235825612018487,0.13982147485064025,0.13659596394751056
id06018,0.6287198113157105,0.2834225612249065,0.08785762745938319
id15678,0.48422595335360497,0.1196795760699795,0.3960944705764157
id08305,0.5378871095514057,0.062000019588741725,0.4001128708598526
id08903,0.19650561786902346,0.20841845874058182,0.5950759233903947
id14752,0.3126034439178771,0.20999787329541109,0.4773986827867126
id12468,0.4947486415691743,0.34427351899061265,0.1609778394402135
id05085,0.39402007227270147,0.47174529569245066,0.13423463203484837
id21993,0.41950100678618885,0.08799892818821411,0.49250006502559673
id15503,0.3930132529501516,0.3494272274726884,0.2575595195771598
id03021,0.5642498302485252,0.2244278471043258,0.21132232264714776
id16123,0.5489599845579325,0.30974375844058905,0.14129625700147813
id19383,0.3173378694571133,0.49167990084506685,0.19098222969781933
id04186,0.7220917977246838,0.08270452307379363,0.1952036792015225
id17954,0.2514001857728335,0.09589455541846977,0.652705258808697
id12030,0.4436016483464128,0.21278926933669262,0.3436090823168945
id13020,0.516127262505444,0.3450338279500709,0.1388389095444852
id25327,0.48262659614793246,0.2615321274942438,0.255841276357824
id16344,0.6578846645606682,0.14116576895682184,0.2009495664825096
id12303,0.8106627035790301,0.09298188398156956,0.09635541243940078
id15017,0.758918331847965,0.1955186899009943,0.045562978251041455
id22308,0.6552751218504014,0.07866283457803618,0.2660620435715622
id06536,0.5493228161125432,0.14099867665067417,0.3096785072367835
id19797,0.6121546787833164,0.1886921834068009,0.1991531378098831
id06332,0.712522959790775,0.13947742180918146,0.1479996184000435
id22941,0.565382264141037,0.16467793048347584,0.2699398053754869
id13547,0.2535993621836705,0.576995950073768,0.16940468774256195
id06928,0.6110596242385309,0.06043469606763767,0.3285056796938318
id12521,0.12960392658535932,0.36563386099624867,0.5047622124183915
id25716,0.46028058543628025,0.27653361856157316,0.263185796002147
id27116,0.6080258700064202,0.06067626359021955,0.3312978664033603
id19941,0.43317093417222796,0.3844896704384705,0.18233939538930163
id05711,0.4720585402490528,0.16265042129311427,0.3652910384578326
id02097,0.35429368158520935,0.481398004927222,0.16430831348756972
id03563,0.3028070439426448,0.5312342514284462,0.16595870462891038
id02295,0.4474687820474358,0.5208459255444513,0.031685292408113006
id08179,0.5620128678079801,0.10842586894606507,0.3295612632459565
id05332,0.45937686601856154,0.4359177871116701,0.10470534686976876
id15697,0.2747424214031089,0.3065440688727682,0.4187135097241219
id17026,0.509359933574821,0.16173111885874572,0.32890894756643363
id04243,0.5489474996106302,0.21083902954051018,0.24021347084885916
id13175,0.5960010739648511,0.2872101310440011,0.11678879499114922
id05387,0.14662158136695155,0.14447932630904015,0.7088990923240088
id19989,0.47212240258957455,0.18370274079384669,0.3441748566165795
id25173,0.3398283974025932,0.16103091404869807,0.49914068854870763
id08925,0.36483533957101566,0.1712749144455554,0.4638897459834295
id03034,0.698127990608005,0.13409957906215475,0.1677724303298404
id13272,0.4701733600443072,0.10180413538790194,0.42802250456779084
id07956,0.2527986315897476,0.24958026903015001,0.49762109938010335
id02648,0.2221910531672361,0.5003400883406313,0.27746885849213265
id01778,0.24190830186046539,0.3501898878382138,0.4079018103013209
id12846,0.6971474260642974,0.07839316248152486,0.2244594114541775
id19001,0.5300801900878648,0.10067738228444974,0.3692424276276852
id05763,0.47709422181649047,0.1999929323540806,0.3229128458294292
id15590,0.5214332777317852,0.10372771463562527,0.3748390076325895
id04912,0.7535525923864281,0.17904705969190968,0.06740034792166215
id21201,0.4261761853785259,0.2947067657526454,0.2791170488688293
id13215,0.5460861855178432,0.09216207714753813,0.36175173733461846
id15612,0.6125334441243055,0.0865700089407439,0.3008965469349507
id18501,0.5181947816068861,0.3273584756673272,0.154446742725788
id07223,0.42753824825741066,0.324499487026603,0.24796226471598665
id06707,0.35017303885999984,0.4103754116807828,0.23945154945921748
id05238,0.21448622283840288,0.6429669462766853,0.1425468308849115
id00935,0.2543739827423166,0.35423401146262773,0.39139200579505506
id00110,0.505652074665982,0.19644867601324495,0.2978992493207727
id17476,0.47710999491517,0.08306135556882639,0.4398286495160037
id15170,0.35432344549316547,0.21240172075028033,0.4332748337565543
id13397,0.18788189999502686,0.036053037827924156,0.7760650621770486
id24283,0.40051270422410756,0.37324555685966293,0.22624173891622984
id15234,0.33267765156150575,0.5849522674520862,0.08237008098640788
id16884,0.43615547536703414,0.3120453575108153,0.2517991671221512
id07831,0.53303011534211,0.28369607669429675,0.18327380796359322
id16038,0.5648331473137762,0.15800048649365922,0.27716636619256463
id03629,0.2118498266532581,0.14374205936262757,0.6444081139841139
id21019,0.3967447565508353,0.06736134450330457,0.5358938989458605
id21835,0.3684607534808813,0.44880783642754407,0.1827314100915746
id04480,0.6146095722478506,0.1641992537490174,0.2211911740031321
id20838,0.6775423449232345,0.08118920108258446,0.2412684539941811
id24195,0.6872874451298074,0.15178793682853176,0.16092461804166103
id05448,0.2746307106486171,0.2839093140704417,0.4414599752809417
id15957,0.3495415693137226,0.3084387393514231,0.34201969133485477
id19956,0.4027101099826732,0.21832221479804442,0.37896767521928254
id15104,0.4807096602995896,0.2515255238085265,0.26776481589188406
id17559,0.4051971098237093,0.4528845137043073,0.1419183764719833
id16839,0.6149411412126402,0.11754298688492915,0.2675158719024301
id14493,0.5030943898156275,0.09922277492075882,0.39768283526361375
id08833,0.6481144449212823,0.09675469170707754,0.25513086337163954
id15723,0.30454246361447324,0.10880206216585113,0.5866554742196758
id02716,0.4997271893798869,0.18336321123245822,0.3169095993876554
id06689,0.5543494903082787,0.07137711566754533,0.37427339402417587
id18837,0.18823598081106888,0.11295818914164948,0.6988058300472815
id04466,0.6195585955642263,0.21702258113207779,0.16341882330369614
id00686,0.46066734712625,0.22763767759977993,0.31169497527396967
id09010,0.4472886637831873,0.23927862693250068,0.3134327092843118
id23353,0.7151638418615252,0.06570016657396852,0.21913599156450628
id00066,0.6640183761126894,0.1943682988374212,0.14161332504988902
id15724,0.5524784248724034,0.12096926796403587,0.32655230716356104
id23486,0.45997538974850893,0.15580293107597654,0.384221679175514
id22258,0.3100315009691684,0.2575077225878176,0.4324607764430139
id02292,0.5635840623369248,0.26787769208241624,0.1685382455806586
id16356,0.16526961447589852,0.39652111974678017,0.43820926577732155
id00235,0.8484337988410507,0.07740954268031144,0.07415665847863799
id25522,0.4518009686742386,0.25489323171521344,0.2933057996105485
id04204,0.5239005115203016,0.23630625373872655,0.23979323474097214
id22016,0.32897925308487125,0.27623969203384474,0.3947810548812838
id06480,0.3748739995810992,0.5609371971678521,0.06418880325104964
id08718,0.7895180468667284,0.08293911504587728,0.12754283808739425
id05251,0.41525991661336975,0.44190134739427983,0.1428387359923499
id03359,0.2148706763989355,0.4220688082938439,0.3630605153072214
id16117,0.22283215543374807,0.4330458501903857,0.3441219943758659
id17000,0.29071719306363464,0.5799649577538497,0.12931784918251585
id01730,0.4181956377593431,0.35022570785114865,0.23157865438950762
id00630,0.507420537118787,0.16025964465329132,0.332319818227921
id18175,0.7211213994432377,0.1365530417680609,0.1423255587887016
id00907,0.7995694663017445,0.09884777888639214,0.10158275481186267
id18251,0.5611615897986167,0.2222412889467546,0.21659712125462907
id25861,0.28110774196363036,0.2818217534980149,0.43707050453835483
id00398,0.19550569659146333,0.7325425357764868,0.07195176763204944
id27573,0.5794012487014133,0.17503636700206862,0.24556238429651747
id10022,0.5561016837293151,0.1447024604281329,0.2991958558425517
id15901,0.4735654251189681,0.17853570867400692,0.34789886620702465
id00451,0.306885985222588,0.365239773949521,0.32787424082788996
id23129,0.6659379902927455,0.17544670942041343,0.1586153002868411
id26498,0.546727007518995,0.1942717138733235,0.25900127860768135
id14741,0.5412593424553875,0.3422180061210933,0.11652265142351928
id18453,0.3979908985661087,0.19514180104858372,0.40686730038530683
id08309,0.5148903725172286,0.19292122187927213,0.2921884056034991
id00320,0.7213222471348562,0.2424635982721604,0.03621415459298411
id07688,0.5734286924936023,0.11734552328410786,0.3092257842222896
id01556,0.3534904857168391,0.12434191575940919,0.5221675985237515
id00178,0.4532871023130438,0.23907904811545544,0.30763384957150103
id18902,0.41499032688897897,0.32113918516881357,0.2638704879422075
id27002,0.29846146333643037,0.5952582014888247,0.1062803351747448
id21418,0.3757827165193003,0.3017836422476864,0.32243364123301305
id23018,0.1524909417097335,0.12869193094284587,0.7188171273474209
id07032,0.5624294632867551,0.14528647798631225,0.2922840587269316
id16195,0.6625209904988135,0.25791656254653017,0.07956244695465668
id11202,0.33997840741580954,0.4486155558201178,0.21140603676407238
id09578,0.3781082963702055,0.304970797887964,0.31692090574183074
id26984,0.3658547965360362,0.09910409245056293,0.5350411110134009
id19856,0.43922135405546114,0.0811459442947869,0.4796327016497517
id12086,0.6969545737506804,0.179811720806799,0.12323370544252119
id12052,0.41494131099616893,0.3332191927062854,0.25183949629754576
id17728,0.2800673948246925,0.5511687477310777,0.16876385744422934
id24608,0.27662426013617214,0.29758088741043043,0.42579485245339743
id21097,0.48053543035451146,0.1408678884851087,0.3785966811603816
id20179,0.4620207034624325,0.21524551512399887,0.3227337814135686
id15144,0.5426210413010086,0.21320376564867685,0.24417519305031474
id00206,0.5264878664849983,0.13109070819890783,0.34242142531609404
id22285,0.4800661402291838,0.1251552601910663,0.39477859957975003
id06417,0.6271233558209964,0.20258401112467767,0.17029263305432626
id00215,0.40327680764398444,0.4093010000469749,0.18742219230904017
id04201,0.5460097465403,0.11708729713125354,0.3369029563284466
id21771,0.4858602857798071,0.09048421589470367,0.423655498325489
id12451,0.5139932652952701,0.3595087567538045,0.1264979779509259
id14250,0.4413541460327125,0.28133501278557926,0.2773108411817092
id03433,0.3589601301988879,0.41833253536757853,0.22270733443353427
id03303,0.3748565656998921,0.2175175631845156,0.4076258711155923
id25901,0.6287961501058932,0.16966382018701107,0.20154002970709578
id06945,0.4563788110260701,0.32609352867467356,0.21752766029925646
id05664,0.6274382368076552,0.1881313715624383,0.18443039162990632
id05741,0.7304568788610744,0.0880949974726184,0.18144812366630816
id10652,0.6994608046952158,0.11976226981256692,0.18077692549221758
id16300,0.7291030388199389,0.09960295082266302,0.1712940103573972
id12319,0.5531670054576437,0.1477562768235554,0.2990767177188006
id07500,0.5422436062859817,0.33184570615818565,0.12591068755583285
id12478,0.35490050041618443,0.27794257654582777,0.3671569230379882
id03076,0.32284101110661073,0.23752033316323407,0.43963865573015565
id00969,0.6411025469922579,0.20291153518721528,0.155985917820528
id23636,0.42672077532334923,0.3709103930478587,0.20236883162879216
id09791,0.5613911500099513,0.12696107682937785,0.3116477731606708
id05680,0.20819804920692708,0.5003792442471793,0.2914227065458932
id03672,0.4646222110021599,0.29989659734612906,0.23548119165171105
id04286,0.2730402785339666,0.5539279986776487,0.1730317227883837
id23883,0.3689222769879033,0.19918435303420692,0.43189336997789
id11914,0.3887376787825541,0.05051664156570183,0.5607456796517437
id20974,0.5692526985458476,0.2572233985099551,0.17352390294419712
id26125,0.7003394324435905,0.12401864576533658,0.1756419217910719
id15543,0.30605131750938425,0.3905262194000413,0.3034224630905742
id19471,0.5633900610037174,0.19294008188032513,0.2436698571159571
id11503,0.3727631603444076,0.2179023294628256,0.409334510192767
id09321,0.2815897370896099,0.21336509136066306,0.5050451715497271
id25560,0.3083677222729498,0.3528189186851719,0.3388133590418779
id06726,0.5651712156748687,0.09844707574334137,0.33638170858178973
id05709,0.31402086162198406,0.380174553836667,0.30580458454134835
id09788,0.33535108957265247,0.4664779517244734,0.19817095870287416
id05289,0.8858716370296298,0.07658219559363055,0.037546167376740186
id11815,0.32999222008239837,0.11051499454842509,0.5594927853691767
id22422,0.37156902942435427,0.31922145548859915,0.30920951508704636
id25954,0.29053630865071567,0.35430324565223276,0.35516044569705196
id13601,0.32061765896405786,0.48392449317854824,0.19545784785739412
id05677,0.46604042003472346,0.3134225143829748,0.22053706558230163
id10498,0.7177819162907785,0.11421693221178261,0.16800115149743824
id02665,0.42845983642971985,0.2475348341835336,0.32400532938674653
id10114,0.5143837188898015,0.28171394988807136,0.20390233122212714
id26314,0.24236359048756237,0.5682677667491709,0.1893686427632655
id21240,0.14417551779708945,0.1580322077053437,0.6977922744975664
id15569,0.7791914272730428,0.17812791482576662,0.042680657901191535
id25928,0.5948714595051966,0.2781921841283316,0.12693635636647133
id22706,0.22235358647381137,0.09373808994138987,0.683908323584799
id20877,0.5180033216296522,0.3468701875386004,0.13512649083174783
id04318,0.6022723156739648,0.2147126298050143,0.1830150545210205
id18299,0.6910094076857078,0.1344663936669646,0.1745241986473271
id08126,0.3928197036645984,0.4609965057305067,0.14618379060489464
id14293,0.34716525442632384,0.09343156314282079,0.559403182430855
id12759,0.6004673734462161,0.048048389767002625,0.3514842367867812
id11983,0.6219536511311657,0.24534718313181472,0.13269916573701868
id05580,0.19938057030433295,0.6499813805161213,0.15063804917954632
id25846,0.4550675892351884,0.23562321516066104,0.3093091956041507
id01939,0.801541486190458,0.0908631654869858,0.10759534832255573
id26327,0.490649348253017,0.28188587087780725,0.2274647808691761
id11068,0.13157411088352952,0.22074477873130371,0.6476811103851665
id08404,0.49416793199440584,0.4115019944396522,0.09433007356594175
id27189,0.6698843463207172,0.07977210320099122,0.25034355047829115
id15119,0.39746263744677846,0.32537169846465624,0.27716566408856497
id26525,0.6594129017960622,0.08355028444711252,0.2570368137568249
id03618,0.43830131028498875,0.4405865534128595,0.1211121363021516
id27220,0.4690861233174969,0.26326520510669116,0.2676486715758112
id18777,0.6340699151743514,0.20722800596940724,0.15870207885624096
id20213,0.7554470764891423,0.14008444986422386,0.10446847364663385
id20403,0.7303026345911868,0.11473772718271243,0.15495963822610043
id03777,0.6241013351302603,0.17016863334619603,0.20573003152354272
id10595,0.8111297305463767,0.08901813656130117,0.09985213289232173
id13816,0.5814231870933948,0.09212854249091915,0.32644827041568597
id05667,0.3116949259165154,0.3060834878816777,0.38222158620180646
id24629,0.25649756735200213,0.47422674026820655,0.2692756923797914
id20398,0.30433102717547517,0.20296574920365318,0.4927032236208708
id14108,0.5007126511480708,0.20977876410905968,0.2895085847428697
id06196,0.41534596331960555,0.42102468212103317,0.1636293545593619
id02800,0.7692260697640873,0.10160834928667187,0.12916558094924133
id18732,0.33933947109475815,0.37468211888401853,0.2859784100212227
id11915,0.36344940493775335,0.5192206129042237,0.117329982158024
id09739,0.7576537069611067,0.12420051875674225,0.11814577428215137
id24672,0.5762339332035846,0.18593899145922504,0.23782707533718977
id00414,0.3251748159281066,0.23238905459917483,0.4424361294727193
id16307,0.13938169072976297,0.16445362438566866,0.696164684884568
id14043,0.20485415077114189,0.07880764441875239,0.7163382048101059
id00517,0.442328569207434,0.17626232819447302,0.38140910259809235
id09744,0.40572556974510904,0.4771991463245257,0.11707528393036504
id19257,0.8018980446953613,0.08672463112077713,0.11137732418386193
id15437,0.5746551002915902,0.17822920664918473,0.2471156930592242
id16352,0.4405562381632361,0.29815227853842197,0.26129148329834206
id18849,0.41787174631885693,0.4369194525217502,0.14520880115939255
id19434,0.7106078355108896,0.10582905246070551,0.18356311202840478
id17928,0.5425021381290217,0.08553019818497261,0.3719676636860053
id16896,0.5803001333954608,0.1318635031442148,0.2878363634603247
id02135,0.16877555031980537,0.5274942300424043,0.30373021963779023
id15075,0.23344957986580148,0.5508192706190679,0.21573114951513167
id27486,0.3842185642905774,0.2029501560652108,0.4128312796442115
id19422,0.6043961210703553,0.3487907219070842,0.0468131570225606
id09603,0.48738335396572713,0.24857885651666978,0.26403778951760315
id02133,0.46065033629890434,0.3397418773856306,0.19960778631546414
id03441,0.6219622678490138,0.24338690793745496,0.13465082421353156
id02398,0.46486153100702204,0.28518332520390854,0.24995514378906986
id05152,0.2983953760479559,0.3172433011850613,0.38436132276698276
id17838,0.3609227733342435,0.2627916068945618,0.3762856197711946
id25060,0.369729098399045,0.28925096131143724,0.34101994028951776
id09998,0.3287869434027262,0.40353830872177143,0.26767474787550255
id01828,0.7339421915348514,0.04932725494583701,0.2167305535193104
id25377,0.4763338960734857,0.30454616453831906,0.2191199393881956
id22175,0.3093193294326292,0.2863939906220309,0.40428667994533934
id02974,0.40505082880070714,0.23671266707863592,0.35823650412065755
id26955,0.529541943866721,0.1322978217735808,0.3381602343596994
id21091,0.16510796419250284,0.33036043094504686,0.5045316048624497
id12802,0.41469607412377474,0.3980197814305482,0.1872841444456773
id07432,0.33435670625030806,0.5513679813546519,0.11427531239504003
id18749,0.18681534005030312,0.15774418194125756,0.6554404780084401
id15030,0.6588688483087428,0.10927275353452282,0.2318583981567329
id17155,0.7956469296755999,0.1364960387599949,0.06785703156440495
id08128,0.495859488964026,0.2682991946196884,0.23584131641628617
id25706,0.5774668075715326,0.11745397383032338,0.30507921859814413
id15645,0.3989506515049519,0.5011275829253861,0.09992176556966231
id04943,0.32651933140715966,0.45664968125289446,0.21683098733994544
id27566,0.4016524295227605,0.23471248923172222,0.3636350812455174
id11765,0.33854540090986723,0.37107587462779,0.2903787244623426
id13783,0.27736531691344524,0.22384135567447516,0.49879332741208016
id00492,0.704071875414256,0.058455267197821334,0.23747285738792323
id27636,0.5893050282054729,0.160966167525727,0.24972880426880023
id04273,0.41553792507673926,0.31482197455645605,0.2696401003668053
id02537,0.3396443414921991,0.3687051595933256,0.29165049891447564
id24349,0.38501176581992336,0.17540588736930746,0.43958234681076913
id00023,0.6375700661769825,0.15463958963951843,0.20779034418349882
id23025,0.5740669221941128,0.18938761538809967,0.23654546241778837
id08722,0.834875523031986,0.0331615906820172,0.13196288628599628
id02420,0.4298882893232948,0.3732941055421165,0.19681760513458796
id10811,0.5507551400743058,0.10251325727867447,0.34673160264701963
id04019,0.3192928509346523,0.4783157757013187,0.20239137336402946
id18334,0.5827137850618097,0.3633059653488218,0.053980249589368645
id16781,0.7730555438289354,0.11522239519491169,0.11172206097615285
id08773,0.48956071436630133,0.23955953079977044,0.2708797548339281
id19214,0.7488886524066676,0.12978783644218367,0.1213235111511491
id09589,0.3420060409161729,0.17283902674625248,0.4851549323375751
id24246,0.4599176692371028,0.22226696475938218,0.31781536600351584
id23577,0.49541404075110834,0.15352884727196453,0.35105711197692696
id09305,0.5404972372457275,0.2679418706041627,0.19156089215010944
id16460,0.5908540256866559,0.29338025424970066,0.11576572006364352
id21115,0.42651614753682426,0.2743665800718852,0.2991172723912907
id25996,0.5737178133331057,0.07391770283411667,0.35236448383277785
id02551,0.24807509526096153,0.1543691575080809,0.5975557472309582
id19352,0.3378864701232591,0.26381388782750625,0.39829964204923524
id03806,0.3065426904609329,0.3526686951594492,0.34078861437961866
id26544,0.7026520235892065,0.1852800731362429,0.11206790327455052
id18761,0.6993578369534978,0.17151330197121162,0.1291288610752916
id24148,0.5326803123992877,0.30703284180907675,0.1602868457916353
id16095,0.2898339443141206,0.30572442712555337,0.40444162856032506
id18442,0.8150559005407271,0.04576558640647133,0.13917851305280154
id22596,0.3304534959397508,0.3267809041763178,0.3427655998839316
id23002,0.5883403903099518,0.2982354416259733,0.11342416806407474
id04797,0.6762553335404207,0.12639309181047592,0.19735157464910338
id06610,0.302750718414452,0.4072937809453987,0.2899555006401474
id16173,0.4784390200623136,0.18497441044644797,0.3365865694912386
id18292,0.3992957991320639,0.25568691475629096,0.34501728611164534
id27328,0.40896334924873656,0.4133613896696923,0.17767526108157125
id01695,0.32982938716200766,0.06294245584956468,0.6072281569884281
id05761,0.5083657888892589,0.10286206734144428,0.38877214376929714
id16354,0.6150795901318544,0.06449681616937093,0.3204235936987746
id12207,0.3006096369003669,0.29412130676457254,0.405269056335061
id05665,0.48216072918835523,0.22158372737241136,0.29625554343923305
id01911,0.662660229378573,0.13191425716155666,0.2054255134598703
id19153,0.5789061963955032,0.17327913089576769,0.24781467270872787
id10295,0.6511667389307355,0.1767775183252522,0.17205574274401214
id23038,0.38540369899188676,0.14282002700432933,0.47177627400378314
id23783,0.42586296316426225,0.2642907657370185,0.309846271098719
id27879,0.6858074773318884,0.168863344647042,0.14532917802106934
id19190,0.4864618831580557,0.2922210937293869,0.22131702311255733
id05065,0.49055519152755733,0.247392900630283,0.2620519078421591
id21296,0.33912764347722946,0.18245352673317822,0.4784188297895925
id13262,0.5723020726262257,0.060118703090576674,0.36757922428319817
id10333,0.6280381532000209,0.2820131266930833,0.08994872010689588
id16677,0.4938012883914988,0.2290361766166389,0.2771625349918633
id01392,0.39402980066819576,0.19519918770105893,0.41077101163074525
id27874,0.5456928709299204,0.2934294764307853,0.16087765263929382
id02294,0.6024593500973842,0.18495252283073393,0.2125881270718819
id18298,0.211216938447311,0.5373321141038293,0.2514509474488604
id06997,0.28369032833568136,0.15189046894464078,0.5644192027196777
id05243,0.09866781484607137,0.8380758514769301,0.06325633367699862
id00860,0.4904458925080332,0.09597763724134972,0.4135764702506174
id26681,0.2533166877462534,0.21898358735541046,0.5276997248983363
id06020,0.3190040671763351,0.5816333218996248,0.09936261092404011
id27683,0.34117518392613316,0.08629346071433874,0.5725313553595286
id17655,0.474703858067228,0.12136732189871499,0.40392882003405706
id08817,0.4256873706124574,0.40025575827130416,0.17405687111623797
id11512,0.2531355037736993,0.15124951067483178,0.5956149855514691
id00478,0.43731373003690327,0.2165283851420743,0.3461578848210221
id02116,0.5166565540880478,0.2059318047627992,0.2774116411491533
id06746,0.43367994135811544,0.08325304955397295,0.4830670090879119
id03863,0.6613052160477093,0.2575537702740086,0.08114101367828228
id01802,0.35714522085684053,0.35218928788949566,0.2906654912536636
id11682,0.4939626082999937,0.255950831084358,0.2500865606156482
id04033,0.5282867370916648,0.27629080425453645,0.19542245865379843
id09286,0.3254200995945208,0.1498429007731965,0.524736999632281
id12904,0.6199059569066707,0.22649861018440834,0.15359543290892028
id07420,0.22364822887208566,0.4898372019072587,0.2865145692206561
id22398,0.47117760416115784,0.25020678124752765,0.27861561459131334
id00424,0.5476768535144823,0.3408268885804912,0.11149625790502674
id20960,0.38156713864315867,0.53795195057039,0.08048091078645084
id10267,0.5374695142062774,0.2240676120338713,0.23846287375985137
id19330,0.2769136111133569,0.190045825985752,0.5330405629008904
id00994,0.4099007081752847,0.17622003410544237,0.4138792577192728
id10785,0.20268751492382647,0.2088887354543802,0.5884237496217933
id00955,0.13912689283378293,0.5165863138658505,0.3442867933003665
id09757,0.4215888868297749,0.35556460722813216,0.22284650594209285
id10030,0.35108462652158934,0.21994857407762441,0.42896679940078625
id22952,0.40845102938999583,0.23701676384642117,0.3545322067635824
id21955,0.38869637995184453,0.21380435080872617,0.39749926923942946
id07674,0.5657249012115719,0.26418428791561893,0.17009081087280933
id13760,0.45706521061445926,0.17013925714337555,0.3727955322421651
id18166,0.35860483494013684,0.5289697633700556,0.11242540168980689
id23498,0.7155524792764056,0.12015583512748126,0.16429168559611326
id05296,0.29570921742498324,0.37074475947439317,0.3335460231006239
id26709,0.3599922112351676,0.26417580837580956,0.3758319803890232
id02853,0.642917977086868,0.14227543759966274,0.21480658531346894
id06800,0.2938714651903026,0.1319419830364676,0.5741865517732299
id14758,0.6579397030095109,0.24248903682794984,0.09957126016253925
id12356,0.5649277282765268,0.32753996561029186,0.10753230611318124
id21492,0.6585160242112515,0.23187795608582823,0.10960601970292035
id27540,0.7665947938550544,0.04657727839725791,0.1868279277476886
id07376,0.7217640738127217,0.12177608499593129,0.15645984119134757
id15201,0.33443761627999175,0.36118404088182376,0.30437834283818493
id23388,0.6788807646712787,0.14484545788411574,0.1762737774446062
id13923,0.43636845809775354,0.21483040179924276,0.34880114010300334
id00794,0.5081917268033707,0.17072566624063215,0.32108260695599644
id23910,0.5499735842752215,0.2020370613134891,0.24798935441128994
id02556,0.5496921640988695,0.20004339698754933,0.2502644389135812
id22151,0.6188406389219865,0.2118280778314332,0.16933128324658026
id11698,0.49760526975902886,0.22153483578101288,0.28085989445995796
id11627,0.7614919542725341,0.10947273497847572,0.12903531074899066
id06340,0.4581929780527857,0.3952626837866615,0.14654433816055293
id05123,0.6372038489140885,0.23269499645325226,0.13010115463265953
id26620,0.5298388717199645,0.1662504916739893,0.303910636606047
id04002,0.7809298016738018,0.09371667611636078,0.1253535222098371
id26554,0.2647868934152587,0.42622048432443205,0.30899262226030927
id18012,0.3029250018302438,0.28198989802894286,0.41508510014081423
id12964,0.4748980763770338,0.27941768319148574,0.24568424043148046
id18965,0.41737550913078997,0.2967616975172604,0.2858627933519501
id19082,0.56044127162834,0.2076329510720596,0.23192577729960012
id26742,0.44033660702630717,0.08666482571729196,0.47299856725640027
id15442,0.684468610751913,0.15647923048022844,0.15905215876785855
id16647,0.5137689013248818,0.09061465415756284,0.39561644451755573
id11544,0.4942150465691433,0.2081680140358814,0.29761693939497513
id20581,0.33025634573404206,0.31483088269132753,0.3549127715746304
id13192,0.5826518146625076,0.20487388125635012,0.212474304081142
id15814,0.347643285514798,0.2316540828185223,0.42070263166668054
id26279,0.40985238378099076,0.279568644882025,0.31057897133698475
id00240,0.5920587068600969,0.15949668322315294,0.24844460991675063
id22836,0.6322699785679056,0.21244869180596554,0.1552813296261286
id15085,0.4583334596267637,0.3025745845984709,0.23909195577476589
id17495,0.4946034502426784,0.2609939503348891,0.2444025994224326
id26762,0.6782879727571084,0.20684273979401996,0.11486928744887122
id13685,0.5349709120106081,0.03565029697789282,0.42937879101149845
id16560,0.6041681509175781,0.3258295190956204,0.07000232998680093
id17184,0.4563337457105285,0.22857651094943346,0.3150897433400385
id21635,0.3782073925163979,0.3217580655495011,0.30003454193410056
id26751,0.6003768712577571,0.3140824894897341,0.0855406392525093
id12351,0.4059494067895525,0.10969544173682969,0.48435515147361874
id14872,0.36739443801563204,0.24301153029666595,0.3895940316877019
id18372,0.6469999261062144,0.15888605678081208,0.19411401711297302
id26851,0.5194604730940307,0.29666549618342475,0.18387403072254443
id22659,0.5990081986715939,0.17768475521599522,0.2233070461124103
id04102,0.3508394482371412,0.16018756470821585,0.4889729870546424
id02353,0.18073933781532117,0.6427129445599459,0.17654771762473295
id26721,0.5347833180902394,0.19630870069337256,0.26890798121638704
id11171,0.6128197916389188,0.24384111955532134,0.14333908880576032
id13562,0.4113981575027858,0.23099480544487033,0.357607037052344
id26425,0.32894363765697354,0.35268072848414234,0.31837563385888334
id26394,0.578623786293707,0.12970693683961126,0.2916692768666811
id22187,0.6884374896328206,0.1430381798693051,0.1685243304978744
id00422,0.6648091875856718,0.2390640443302051,0.0961267680841225
id22667,0.39642297951553107,0.3007365020743523,0.3028405184101176
id00911,0.3843127479082907,0.16922473082436593,0.4464625212673434
id17291,0.654639428376974,0.08085314052133705,0.26450743110168834
id01915,0.4736734443348599,0.33416426439239105,0.19216229127274895
id01434,0.4818225117050593,0.2259578125699575,0.2922196757249838
id01584,0.4225376361046451,0.3136044457491332,0.2638579181462215
id09266,0.5483563240894901,0.3186706076376378,0.13297306827287217
id17494,0.42764947166688155,0.21526876901438646,0.3570817593187321
id24919,0.5630667611127438,0.16186902140070067,0.2750642174865558
id21043,0.3453556590249709,0.15099112617176585,0.5036532148032636
id17796,0.4809264713735376,0.15204642665233903,0.3670271019741237
id02166,0.5037494010713944,0.29416556089807633,0.2020850380305302
id17503,0.5456564530901952,0.16949363675511542,0.28484991015468963
id21203,0.4051216210852459,0.24058577911651297,0.354292599798241
id25626,0.2775760255120569,0.28138890510286935,0.44103506938507364
id09836,0.25031315809210736,0.11892128861137581,0.6307655532965171
id24202,0.6293642145987837,0.14885250849335946,0.22178327690785687
id27260,0.6885661685008133,0.1121765935017616,0.1992572379974247
id23167,0.6061781396866633,0.3161128681277178,0.07770899218561955
id10393,0.5222653740532464,0.054584113000263265,0.4231505129464906
id01171,0.5126670988524189,0.2836152254559493,0.20371767569163227
id06380,0.25067594098032003,0.1869062027270469,0.5624178562926336
id22686,0.5713360887824506,0.16214478842793173,0.26651912278961737
id26250,0.15597775252772922,0.4354004415488729,0.4086218059233978
id09315,0.2610233066739923,0.5104576560340333,0.22851903729197431
id00886,0.5041320896855256,0.27284906658463176,0.2230188437298429
id03101,0.6282821011060793,0.23578421233200197,0.13593368656191915
id12367,0.30481041119258057,0.22059261287515733,0.4745969759322623
id10770,0.7343265904002649,0.13401995881230516,0.13165345078742977
id14949,0.46871211293464937,0.3217214150676651,0.20956647199768566
id14141,0.4416982315000036,0.4501455160425881,0.10815625245740734
id25417,0.6556299908472301,0.15161600321462293,0.19275400593814607
id26873,0.6085176383330196,0.18980974057375039,0.20167262109323086
id10818,0.46722441793988984,0.0543753240040875,0.47840025805602293
id15146,0.582051610619618,0.265602486836193,0.1523459025441889
id23328,0.6548712115284934,0.21717096751894505,0.1279578209525625
id16765,0.5575460376382635,0.13691600226945969,0.3055379600922764
id24383,0.6298503350110942,0.14948052882850635,0.22066913616040035
id21304,0.3568377641536631,0.4835315558464077,0.15963067999992891
id12551,0.688216725565353,0.15847913890068563,0.1533041355339601
id23274,0.772448789493692,0.10501433840522814,0.12253687210107958
id08117,0.29811974945837866,0.5087032376142151,0.19317701292740652
id23961,0.34745479310314936,0.17955389608442682,0.4729913108124225
id13865,0.3588723748286789,0.48670708793610096,0.15442053723522034
id22807,0.6273039749573861,0.15384176968339372,0.21885425535922048
id08951,0.22258249482108988,0.1763412715798512,0.6010762335990594
id18684,0.7744666056770786,0.08030248253426235,0.14523091178865866
id25179,0.42371948637624957,0.05573146583245574,0.5205490477912953
id27033,0.7584398288358147,0.06078551161051674,0.180774659553669
id13977,0.48115244197704143,0.3016981439258608,0.2171494140970977
id19337,0.6626007494309288,0.22211308165687535,0.11528616891219554
id25764,0.6996043216111818,0.22853251560139215,0.07186316278742624
id16106,0.22584528522893516,0.3188044817823291,0.45535023298873456
id05468,0.46864581428107144,0.17625876251199113,0.3550954232069369
id05241,0.6029628680635041,0.22975509593659021,0.16728203599990568
id10215,0.14331617711933084,0.6197870539816426,0.2368967688990265
id23457,0.46523042901863454,0.15008092025328568,0.38468865072807923
id02200,0.4679446610577485,0.352491113803944,0.17956422513830647
id13714,0.3748435532694819,0.4912768934021593,0.13387955332835869
id20332,0.1858628249419265,0.21183197599879441,0.6023051990592785
id18573,0.514040834577548,0.18810514342183574,0.29785402200061784
id08569,0.5547653418281729,0.1325423382072087,0.3126923199646171
id22767,0.803585186528705,0.08828968901229496,0.1081251244589996
id25390,0.7206661673797725,0.13535909889971542,0.1439747337205119
id09288,0.8129635655094921,0.043189813208516184,0.14384662128199266
id12381,0.3940835389422758,0.5272243208108693,0.07869214024685552
id02895,0.5811818433623062,0.05171459656616747,0.36710356007152595
